AO-07
1 07530U 74089B   26048.99738679 -.00000047  00000-0 -49247-5 0  9995
2 07530 101.9972  60.9754 0012178   0.0695  27.7871 12.53695929345584
UO-11
1 14781U 84021B   26049.20460843  .00001561  00000-0  16584-3 0  9994
2 14781  97.7913  16.2374 0006664 207.6983 152.3881 14.90430224239404
AO-27
1 22825U 93061C   26049.19783829  .00000116  00000-0  61018-4 0  9994
2 22825  98.7024 116.5889 0009526  90.5374 269.6900 14.30906221689989
FO-29
1 24278U 96046B   26049.20256640  .00000034  00000-0  68262-4 0  9999
2 24278  98.5409 274.2555 0350567  45.2751 317.6370 13.53267443457078
GO-32
1 25397U 98043D   26048.57997623  .00000062  00000-0  47054-4 0  9990
2 25397  99.0003  38.3639 0001305 152.4466 207.6782 14.24400114434305
ISS
1 25544U 98067A   26049.21532624  .00009407  00000-0  18044-3 0  9996
2 25544  51.6322 168.6154 0010954 110.1068 250.1100 15.48678459553311
NO-44
1 26931U 01043C   26048.79142424  .00000155  00000-0  88986-4 0  9996
2 26931  67.0498 193.0714 0007015 265.6772  94.3528 14.31900424273359
SO-50
1 27607U 02058C   26049.19289151  .00001557  00000-0  20170-3 0  9995
2 27607  64.5521 137.0673 0074725 284.1922  75.0890 14.82701740246811
CO-55
1 27844U 03031E   26048.96353492  .00000318  00000-0  15675-3 0  9992
2 27844  98.6779  59.0078 0009824 165.4642 194.6822 14.24248665174706
CO-57
1 27848U 03031J   26048.96293151  .00000267  00000-0  13639-3 0  9992
2 27848  98.6806  58.8159 0009372 183.4541 176.6575 14.23546494174417
RS-22
1 27939U 03042A   26049.30768610  .00001245  00000-0  20114-3 0  9994
2 27939  98.3407 230.3317 0010242 288.1095 195.2305 14.73195006198047
CO-58
1 28895U 05043F   26048.87062445  .00001890  00000-0  30751-3 0  9997
2 28895  98.2792 202.1259 0013594 220.7742 139.2448 14.72225489 84195
CO-65
1 32785U 08021C   26049.20805120  .00006249  00000-0  40907-3 0  9999
2 32785  97.8177  28.3399 0011150  76.1197 284.1271 15.08070757967253
CO-66
1 32791U 08021J   26048.49710859  .00021545  00000-0  78619-3 0  9997
2 32791  97.7495  41.1059 0004555  48.3308 311.8320 15.28157555968982
RS-30
1 32953U 08025A   26049.23204838 -.00000076  00000-0 -61708-3 0  9998
2 32953  82.4982  69.4341 0018858 208.0875 151.9189 12.43174895804914
SRMSAT
1 37841U 11058D   26049.17920355  .00000426  00000-0  87617-4 0  9996
2 37841  19.9725  59.7868 0011626 335.7025  93.5338 14.11539937740984
ZACUBE-1
1 39417U 13066B   26049.18727791  .00005324  00000-0  42477-3 0  9994
2 39417  97.8195  10.9165 0040548 287.1163  72.5622 15.00094049662882
Delfi-N3xt
1 39428U 13066N   26049.25078634  .00007695  00000-0  69979-3 0  9998
2 39428  97.8353 329.8272 0075180 241.6990 117.6630 14.93341024656864
GOMX-1
1 39430U 13066Q   26049.27670894  .00002097  00000-0  32115-3 0  9992
2 39430  97.6574 257.1915 0130830  99.2239 262.3792 14.69014771652451
LO-74
1 39440U 13066AA  26049.25940893  .00005093  00000-0  48199-3 0  9998
2 39440  97.8791 357.9101 0060545  62.3551 298.3796 14.92698870659245
AO-73
1 39444U 13066AE  26049.12888609  .00008987  00000-0  58735-3 0  9996
2 39444  97.8153  18.3455 0035885 247.8356 111.9062 15.07515292661717
DTUSAT-2
1 40030U 14033W   26048.49236864  .00009582  00000-0  54436-3 0  9999
2 40030  98.0827  38.8146 0006127 289.0280  71.0286 15.13130539634578
EO-80
1 40032U 14033Y   26048.96096412  .00008222  00000-0  46596-3 0  9994
2 40032  98.0710  38.6144 0006361 207.9542 152.1347 15.13267140634621
LILACSAT-2
1 40908U 15049K   26049.31153376  .00015256  00000-0  30090-3 0  9994
2 40908  97.4836  81.8716 0006482 337.3347  22.7615 15.47264303577345
Horyu-4
1 41340U 16012D   26048.64578223  .00068044  00000-0  82205-3 0  9991
2 41340  30.9905 207.8112 0000814 224.6099 135.4487 15.59384843551975
Lapan A3
1 41603U 16040E   26049.30305903  .00003881  00000-0  12697-3 0  9997
2 41603  97.1464  49.4473 0012520  83.4783 276.7884 15.32197045536600
CAS-2T
1 41847U 16066G   26049.24157362  .00001604  00000-0  23250-3 0  9990
2 41847  98.3926 126.3032 0343753 130.2824 232.8961 14.44400082487620
TechnoSat
1 42829U 17042E   26049.00340891  .00004696  00000-0  34210-3 0  9993
2 42829  97.4096 211.3646 0018561 139.1894 221.0727 15.04083137468787
AO-91
1 43017U 17073E   26049.18733130  .00009947  00000-0  45282-3 0  9993
2 43017  97.4885 278.8981 0157484  19.3363 341.3751 15.10406841447419
S-Net D
1 43186U 18014G   26049.26239592  .00005755  00000-0  30830-3 0  9994
2 43186  97.5464 314.8458 0010293  73.6244 286.6119 15.15352774440745
S-Net B
1 43187U 18014H   26049.20556907  .00006068  00000-0  32509-3 0  9994
2 43187  97.5467 314.7723 0010904  69.4479 290.7922 15.15324206440731
S-Net A
1 43188U 18014J   26049.26182733  .00005735  00000-0  30717-3 0  9992
2 43188  97.5478 315.0154 0010816  70.1251 290.1146 15.15358839440747
S-Net C
1 43189U 18014K   26049.20882151  .00006189  00000-0  33145-3 0  9990
2 43189  97.5495 315.0190 0012110  63.3483 296.8988 15.15316349439281
Ten-Koh
1 43677U 18084G   26049.06096589  .00003517  00000-0  27084-3 0  9992
2 43677  98.0766 236.4266 0010019 156.0843 204.0848 15.02318952398273
PO-101
1 43678U 18084H   26049.30901659  .00001673  00000-0  14020-3 0  9990
2 43678  98.1039 240.5503 0009861 186.8092 173.2997 14.99855870398393
QO-100
1 43700U 18090A   26049.18431032  .00000149  00000-0  00000-0 0  9999
2 43700   0.0274 237.3164 0002472 130.9816 232.0009  1.00272476 26483
MinXSS-2
1 43758U 18099A   26049.15317843  .00027510  00000-0  71320-3 0  9998
2 43758  97.4674 122.6022 0007884 339.0390  21.0531 15.38958408395779
AO-95
1 43770U 18099N   26049.14404747  .00010472  00000-0  43631-3 0  9994
2 43770  97.4555 109.9788 0010120  54.0840 306.1335 15.23859037395073
SNUSat 2
1 43782U 18099AA  26049.11425967  .00007981  00000-0  37565-3 0  9991
2 43782  97.4234 104.3968 0010430   1.1940 358.9318 15.19764653394931
SnugLite
1 43784U 18099AC  26049.11348059  .00011037  00000-0  45461-3 0  9990
2 43784  97.4048 104.7063 0002873  19.6365 340.4983 15.24269292395168
ITASat 1
1 43786U 18099AE  26049.12442322  .00006633  00000-0  33495-3 0  9991
2 43786  97.4208 103.0502 0014169  52.8097 307.4428 15.17333893394842
EAGLET 1
1 43790U 18099AJ  26049.09760961  .00004613  00000-0  27270-3 0  9994
2 43790  97.4409 101.9004 0012299  43.3312 316.8883 15.11898632394335
ESEO
1 43792U 18099AL  26049.09333445  .00001204  00000-0  91645-4 0  9990
2 43792  97.4146  91.5117 0013005  28.2777 331.9153 15.03826356393902
JO-97
1 43803U 18099AX  26049.06436664  .00015628  00000-0  54805-3 0  9998
2 43803  97.4300 111.7483 0005430 345.0122  15.0956 15.29519456395399
Suomi 100
1 43804U 18099AY  26049.13799248  .00011517  00000-0  45789-3 0  9991
2 43804  97.4360 110.1309 0009917 347.9271  12.1728 15.25409743395259
ISAT
1 43879U 18111D   26048.77221744  .00046639  00000-0  87094-3 0  9996
2 43879  97.5912 336.4799 0007374  44.1587 316.0250 15.48603679392591
UWE-4
1 43880U 18111E   26049.23740639  .00026470  00000-0  69357-3 0  9992
2 43880  97.5867 332.8420 0011036  44.4046 315.8081 15.38610076392447
Sparrow
1 43881U 18111F   26048.76897226  .00054615  00000-0  90853-3 0  9992
2 43881  97.6120 340.6927 0007714  72.9313 287.2783 15.51847395392735
Prox-1
1 44339U 19036A   26048.71262842  .00013498  00000-0  14264-2 0  9998
2 44339  23.9941 190.4520 0007587  89.2560 270.8808 14.87382762355645
Taurus 1
1 44530U 19059C   26049.23511153  .00005770  00000-0  96040-3 0  9993
2 44530  98.6270 206.8968 0008181 321.9133  38.1493 14.70456892341157
TO-108
1 44881U 19093C   26049.22968287  .00001431  00000-0  16830-3 0  9992
2 44881  97.7655 124.3251 0014885 115.7194 244.5560 14.86295578333749
FloripaSat 1
1 44885U 19093G   26049.20454735  .00007717  00000-0  58631-3 0  9990
2 44885  97.7915 142.7115 0012081 112.4755 247.7750 15.02395270334777
RS-44
1 44909U 19096E   26049.09347076  .00000023  00000-0  40720-4 0  9990
2 44909  82.5173  58.8417 0218580  62.9785 299.3446 12.79747190287111
SALSAT
1 46495U 20068K   26049.22301718  .00008658  00000-0  32176-3 0  9998
2 46495  97.8838  45.2319 0010473  11.5327 348.6149 15.27758907297184
CSS (TIANHE-1)
1 48274U 21035A   26049.19247675  .00025889  00000-0  31636-3 0  9992
2 48274  41.4681 326.7188 0004278 132.2595 227.8607 15.59818969274561
CUTE
1 49263U 21088D   26049.18689624  .00033991  00000-0  34862-3 0  9999
2 49263  97.4251 140.3264 0003771  30.7902 329.3578 15.64878880243824
TeikyoSat 4
1 49396U 21102B   26048.98182594  .00002297  00000-0  14887-3 0  9994
2 49396  97.3819  83.0456 0011824 351.2538   8.8483 15.09015256234744
Z-Sat
1 49399U 21102E   26049.26393582  .00003576  00000-0  18268-3 0  9998
2 49399  97.3488  88.1806 0015564 305.7308  54.2478 15.17212979235401
KOSEN 1
1 49402U 21102H   26049.05737088  .00007839  00000-0  31678-3 0  9999
2 49402  97.3366  93.5731 0012550 268.0918  91.8882 15.24947919235850
HO-113
1 50466U 21131B   26049.27329325  .00000470  00000-0  15937-3 0  9992
2 50466  98.4985 142.3391 0005268  95.9545 264.2245 14.41223711217985
SNUGLITE 2
1 52899U 22065F   26049.26252990  .00001176  00000-0  23324-3 0  9996
2 52899  98.1994 194.4491 0008144  44.4628 315.7226 14.64072144193598
UmKA 1 (RS40S)
1 57172U 23091G   26049.27629473  .00005959  00000-0  28505-3 0  9999
2 57172  97.5221 108.4612 0013605 168.2055 191.9501 15.19287514145946
CubeBel-2 (EU11S)
1 57175U 23091K   26049.23636185  .00011613  00000-0  45179-3 0  9996
2 57175  97.5217 111.5631 0010970 168.2139 191.9358 15.26126870146143
RS-38S
1 57189U 23091Z   26049.23807218  .00015846  00000-0  51467-3 0  9997
2 57189  97.5241 116.6153 0008941 131.4058 228.7953 15.31980011146452
SONATE-2
1 59112U 24043Q   26048.32966109  .00037358  00000-0  67203-3 0  9994
2 59112  97.5373 192.3098 0007924 283.3131  76.7236 15.49716958109274
MO-122
1 60209U 24125G   26049.10748708  .00034662  00000-0  57935-3 0  9990
2 60209  97.2468 264.7687 0011694 302.6584  57.3540 15.51766795 91033
GRBBeta
1 60237U 24128C   26049.18213600  .00004126  00000-0  29111-3 0  9997
2 60237  61.9890 273.4796 0053241 110.3217 250.3608 15.05542902 88341
Curium One
1 60242U 24128H   26049.09320345  .00007909  00000-0  47667-3 0  9996
2 60242  61.9778 266.9473 0053261 107.1793 253.5142 15.10360751 88452
ROBUSTA-3A
1 60243U 24128J   26049.19372165  .00007174  00000-0  44193-3 0  9990
2 60243  61.9852 268.4386 0053484 104.7074 255.9957 15.09671292 88440
CatSat
1 60246U 24125J   26049.16187969  .00037370  00000-0  73432-3 0  9992
2 60246  97.2232 261.0865 0027980 262.1273  97.6800 15.46770693 88927
HYPERVIEW-1G (RS66S)
1 61772U 24199AP  26049.27766824  .00051085  00000-0  74958-3 0  9996
2 61772  97.3123 284.8800 0009248   5.2729 354.8622 15.55323260116086
AO-123
1 61781U 24199AY  26049.24026857  .00009501  00000-0  29353-3 0  9993
2 61781  97.3183 279.0084 0014936  21.6677 338.5194 15.33633194115680
JINJUSat 1B
1 63210U 25052A   26049.23646884  .00015764  00000-0  55475-3 0  9990
2 63210  97.4154 306.0849 0004772 124.5065 235.6626 15.29407119 51899
NUSHSAT 1
1 63211U 25052B   26049.24041537  .00018696  00000-0  62659-3 0  9995
2 63211  97.4134 306.3255 0004643 127.0983 233.0683 15.30957935 51912
TEVEL2-4
1 63213U 25052D   26048.68713133  .00016747  00000-0  57798-3 0  9995
2 63213  97.4061 305.1746 0003387 134.9965 225.1550 15.30033292 51811
TEVEL2-5
1 63214U 25052E   26049.21982327  .00017059  00000-0  59030-3 0  9997
2 63214  97.4053 305.6824 0003418 133.3051 226.8475 15.29943368 51893
TEVEL2-6
1 63215U 25052F   26049.22911667  .00017149  00000-0  59415-3 0  9995
2 63215  97.4054 305.6784 0003483 135.0296 225.1227 15.29901031 51890
TEVEL2-1
1 63217U 25052H   26049.22218944  .00016545  00000-0  58039-3 0  9995
2 63217  97.4031 305.4221 0003045 144.9758 215.1683 15.29505757 51886
TEVEL2-3
1 63218U 25052J   26049.22019647  .00016608  00000-0  58201-3 0  9996
2 63218  97.4030 305.4300 0003049 147.2167 212.9263 15.29537174 51885
TEVEL2-2
1 63219U 25052K   26049.22287112  .00016575  00000-0  58139-3 0  9994
2 63219  97.4029 305.4235 0003103 147.4118 212.7315 15.29506695 51880
TEVEL2-9
1 63237U 25052AD  26049.18985196  .00016180  00000-0  59682-3 0  9992
2 63237  97.4094 304.9934 0005722 186.9883 173.1277 15.27851153 51830
TEVEL2-7
1 63238U 25052AE  26049.21150301  .00015117  00000-0  56125-3 0  9997
2 63238  97.4096 304.9728 0005831 187.0648 173.0510 15.27649629 51838
TEVEL2-8
1 63239U 25052AF  26048.69420869  .00015005  00000-0  55784-3 0  9994
2 63239  97.4096 304.4405 0005755 189.8683 170.2444 15.27608962 51751
HYDRA-W
1 63490U 25052BL  26049.25896412  .00130213  00000-0  18386-2 0  9992
2 63490  97.3984 309.6393 0006511 146.7652 213.4012 15.56097240 52167
HADES-ICM (SO-125)
1 63492U 25052BN  26049.25152735  .00097356  00000-0  16199-2 0  9997
2 63492  97.3996 309.0704 0006023 157.7888 202.3626 15.51682123 52122
RSP-03
1 65732U 98067XL  26047.27951905  .10199253  12460-4  79249-3 0  9991
2 65732  51.6061 154.7117 0006246 319.9198  40.1367 16.39378610 23558
BOTAN
1 65942U 98067XP  26049.27768974  .00485644  10326-3  13883-2 0  9998
2 65942  51.6164 152.4368 0009367 344.4177  15.6540 15.92578801 20509
CEVROSAT1
1 66309U 25248S   26049.03214908  .00005124  00000-0  25334-3 0  9995
2 66309  45.4042  39.9681 0001922  91.4280 268.6826 15.19028800 16389
SPIRONE
1 66657U 25274H   26048.77894733  .00002312  00000-0  22791-3 0  9990
2 66657  97.7435 339.8704 0013748  55.4658 304.7857 14.92934290 12401
K-HERO
1 66660U 25274L   26048.75156068  .00003130  00000-0  30283-3 0  9998
2 66660  97.7442 339.9126 0015748  59.6387 300.6388 14.93400638 12408
SNUGLITE-III DURI
1 66661U 25274M   26049.21364302  .00002834  00000-0  27400-3 0  9990
2 66661  97.7438 340.3809 0016262  59.2681 301.0138 14.93499890 12476
SilverSat
1 66909U 98067XV  26048.57639726  .00121901  00000-0  11824-2 0  9997
2 66909  51.6276 167.3464 0003330 324.3396  35.7377 15.65453016 12033
SAKHACUBE-CHOLBON
1 67290U 25313AU  26049.16474538  .00010173  00000-0  44238-3 0  9993
2 67290  97.4046 125.8431 0010688  59.7675 300.4618 15.22406789  7858
QMR-KWT
1 67291U 25313AV  26049.15899756  .00014371  00000-0  61607-3 0  9999
2 67291  97.4047 125.8508 0010297  59.2470 300.9780 15.22809097  7853
IO-86
1 40931U          25360.30710720  .00000000  00000-0  12800-3 0    00
2 40931   6.0006 332.5373 0012733 338.8432   8.1437 14.79075515    01
